10000000
10010101
10000001
10000001
10000001
10000001
10000001
10000001
10000000
10000000
10000000
10000000
10000000
01111111
01111111
01111111
01111111
01111110
01111110
01111101
01111101
01111101
01111100
01111100
01111011
01111011
01111010
01111010
01111001
01111001
01111000
01111000
01110111
01110111
01110110
01110101
01110100
01110100
01110011
01110010
01110010
01110001
01110000
01101111
01101110
01101110
01101101
01101100
01101011
01101010
01101001
01101000
01101000
01100110
01100101
01100101
01100011
01100011
01100001
01100000
01011111
01011110
01011101
01011100
01011011
01011010
01011000
01010111
01010110
01010101
01010011
01010010
01010001
01010000
01001110
01001101
01001100
01001010
01001001
01000111
01000110
01000101
01000011
01000010
01000000
00111110
00111101
00111011
00111010
00111000
00110110
00110101
00110011
00110010
00110000
00101110
00101100
00101011
00101001
00100111
